index	model
1368	0
2888	0
2952	0
3608	0
4153	0 1
4958	0
5567	0
6705	0
7364	0
7643	0
9140	0
9159	0
9543	0
10335	0
11866	0
12489	0
13250	0
15901	0
16656	0
17759	0
17852	0
18364	0
18524	0
19277	0
19636	0
19720	0
21880	0
22174	0
23183	0
23383	0
23925	0
24233	0
24414	0
26634	0
29140	0
29453	0
29565	0
30997	0
31311	1
31424	0
31973	0
32106	0
32191	0
33162	0
33758	0
34306	0
34582	0
35241	0
37436	0
40366	0
40701	0
40880	0
41043	0
41108	0
41799	0
42997	0
43038	0
43071	0
43144	0
44207	0
44849	0
46542	0
47694	0
47886	0
48765	0
50182	0
51396	0
51912	0
53298	0
53833	0
53866	0
54127	0
56159	0
56316	0
57636	0
58143	0
59924	0
62361	0
62476	0
62497	0
63700	0
64665	0
64698	0
65117	0
65443	0
66385	0 1
67063	0
67611	0
67817	0
68036	0
68043	0
68442	0
68453	0
69231	0
72866	0
73112	0
73589	0
74286	0
74659	0
76015	0
76196	0
76735	0
76818	0
77316	0
77972	0
79075	0
79224	0
79915	0
81076	0
81142	0
81829	0
81830	0
83027	0 1
83143	0
83944	0
84376	0
84649	0
85657	0
86413	0
87604	0
87968	0
88746	0
88984	0
90136	0
91041	0
91680	0
91701	0
92274	0
92447	0
93640	0 5
94032	0
96958	0
97138	0
97429	0
97524	0
97641	0
98998	0
99770	0
100218	0
100250	0
100738	0
100905	0
103593	0
103845	0
104659	0
105648	0
107176	0
107373	0 1
107496	0
108029	0
