Case 1	Case 2	Case 3	Case 4
0.131934639	0.085814954	0.425841085	0.566367861
0.131934639	0.256808071	0.487405508	0.628376512
0.131934639	0.256808071	0.487405508	0.628376512
0.131934639	0.256808071	0.487405508	0.628376512
0.131934639	0.256808071	0.487405508	0.628376512
0.131934639	0.256808071	0.487405508	0.628376512
0.131934639	0.256808071	0.487405508	0.628376512
0.131934639	0.085814954	0.223631085	0.364667267
0.131934639	0.256808071	0.487405508	0.628376512
0.131934639	0.085496558	0.293953873	0.293411739
0.131934639	0.085496558	0.355518297	0.35542039
0.131934639	0.256808071	0.299949648	0.441222604
0.131934639	0.256808071	0.487405508	0.628376512
0.131934639	0.085496558	0.355518297	0.35542039
0.131934639	0.256808071	0.487405508	0.628376512
0.131934639	0.256808071	0.487405508	0.628376512
0.131934639	0.085496558	0.168062437	0.168266482
0.131934639	0.085814954	0.425841085	0.566367861
0.131934639	0.256808071	0.299949648	0.441222604
0.131934639	0.256808071	0.487405508	0.628376512
0.131934639	0.085814954	0.223631085	0.364667267
0.131934639	0.256808071	0.299949648	0.441222604
0.131934639	0.256808071	0.299949648	0.441222604
0.131934639	0.256808071	0.487405508	0.628376512
0.131934639	0.256808071	0.487405508	0.628376512
0.131934639	0.256808071	0.299949648	0.441222604
0.131934639	0.256808071	0.299949648	0.441222604
0.131934639	0.256808071	0.487405508	0.628376512
0.131934639	0.256808071	0.487405508	0.628376512
0.131934639	0.256808071	0.487405508	0.628376512
0.131934639	0.256808071	0.487405508	0.628376512
0.131934639	0.256808071	0.487405508	0.628376512
0.131934639	0.256808071	0.487405508	0.628376512
0.131934639	0.256808071	0.487405508	0.628376512
0.131934639	0.256808071	0.487405508	0.628376512
0.131934639	0.256808071	0.487405508	0.628376512
0.131934639	0.256808071	0.487405508	0.628376512
0.131934639	0.256808071	0.487405508	0.628376512
0.131934639	0.256808071	0.487405508	0.628376512
0.131934639	0.256808071	0.487405508	0.628376512
0.131934639	0.256808071	0.487405508	0.628376512
0.131934639	0.256808071	0.487405508	0.628376512
0.131934639	0.256808071	0.487405508	0.628376512
0.131934639	0.256808071	0.299949648	0.441222604
0.131934639	0.256808071	0.487405508	0.628376512
0.131934639	0.256808071	0.249450449	0.390662831
0.131934639	0.085496558	0.117563238	0.117706709
0.131934639	0.256808071	0.249450449	0.390662831
0.131934639	0.256808071	0.249450449	0.390662831
0.131934639	0.256808071	0.249450449	0.390662831
0.131934639	0.256808071	0.249450449	0.390662831
0.131934639	0.256808071	0.249450449	0.390662831
0.131934639	0.256808071	0.249450449	0.390662831
0.131934639	0.256808071	0.249450449	0.390662831
0.131934639	0.085496558	0.117563238	0.117706709
0.131934639	0.256808071	0.249450449	0.390662831
0.131934639	0.256808071	0.235336521	0.376553707
0.131934639	0.256808071	0.249450449	0.390662831
0.131934639	0.256808071	0.162669423	0.303960448
0.131934639	0.256808071	0.249450449	0.390662831
0.131934639	0.085496558	0.055998814	0.055698058
0.131934639	0.256808071	0.249450449	0.390662831
0.131934639	0.256808071	0.249450449	0.390662831
0.131934639	0.256808071	0.249450449	0.390662831
0.131934639	0.256808071	0.249450449	0.390662831
0.131934639	0.256808071	0.249450449	0.390662831
0.131934639	0.256808071	0.249450449	0.390662831
0.131934639	0.256808071	0.249450449	0.390662831
0.131934639	0.256808071	0.249450449	0.390662831
0.131934639	0.256808071	0.350125283	0.491114355
0.131934639	0.256808071	0.350125283	0.491114355
0.131934639	0.256808071	0.350125283	0.491114355
0.131934639	0.256808071	0.350125283	0.491114355
0.131934639	0.256808071	0.350125283	0.491114355
0.131934639	0.256808071	0.162669423	0.303960448
0.131934639	0.256808071	0.350125283	0.491114355
0.131934639	0.256808071	0.350125283	0.491114355
0.131934639	0.256808071	0.162669423	0.303960448
0.131934639	0.256808071	0.350125283	0.491114355
0.131934639	0.256808071	0.350125283	0.491114355
0.131934639	0.256808071	0.350125283	0.491114355
0.131934639	0.256808071	0.350125283	0.491114355
0.131934639	0.085496558	0.218238072	0.218158233
0.131934639	0.256808071	0.162669423	0.303960448
0.131934639	0.256808071	0.350125283	0.491114355
0.131934639	0.085496558	0.218238072	0.218158233
0.131934639	0.256808071	0.350125283	0.491114355
0.131934639	0.256808071	0.350125283	0.491114355
0.131934639	0.256808071	0.350125283	0.491114355
0.131934639	0.256808071	0.350125283	0.491114355
0.131934639	0.256808071	0.350125283	0.491114355
0.131934639	0.256808071	0.350125283	0.491114355
0.131934639	0.256808071	0.350125283	0.491114355
0.131934639	0.085814954	0.28856086	0.429105705
0.131934639	0.085814954	0.28856086	0.429105705
0.131934639	0.085496558	0.218238072	0.218158233
0.131934639	0.256808071	0.350125283	0.491114355
0.131934639	0.256808071	0.350125283	0.491114355
0.131934639	0.256808071	0.024786437	0.11680654
0.131934639	0.256808071	0.162669423	0.303960448
0.131934639	0.256808071	0.350125283	0.491114355
0.131934639	0.256808071	0.162669423	0.303960448
0.131934639	0.256808071	0.350125283	0.491114355
0.131934639	0.256808071	0.350125283	0.491114355
0.131934639	0.256808071	0.386730674	0.527924988
0.131934639	0.256808071	0.386730674	0.527924988
0.131934639	0.256808071	0.386730674	0.527924988
0.131934639	0.085496558	0.254843463	0.254968866
0.131934639	0.256808071	0.386730674	0.527924988
0.131934639	0.256808071	0.386730674	0.527924988
0.131934639	0.085814954	0.325166251	0.465916337
0.131934639	0.256808071	0.386730674	0.527924988
0.131934639	0.085814954	0.325166251	0.465916337
0.131934639	0.256808071	0.386730674	0.527924988
0.131934639	0.256808071	0.386730674	0.527924988
0.131934639	0.085814954	0.325166251	0.465916337
0.131934639	0.256808071	0.386730674	0.527924988
0.131934639	0.256808071	0.386730674	0.527924988
0.131934639	0.256808071	0.386730674	0.527924988
0.131934639	0.085814954	0.325166251	0.465916337
0.131934639	0.085496558	0.193279039	0.192960215
0.131934639	0.085496558	0.254843463	0.254968866
0.131934639	0.256808071	0.386730674	0.527924988
0.131934639	0.256808071	0.386730674	0.527924988
0.131934639	0.256808071	0.386730674	0.527924988
0.131934639	0.256808071	0.386730674	0.527924988
0.131934639	0.085814954	0.325166251	0.465916337
0.131934639	0.085814954	0.325166251	0.465916337
0.131934639	0.256808071	0.386730674	0.527924988
0.131934639	0.256808071	0.386730674	0.527924988
0.131934639	0.256808071	0.386730674	0.527924988
0.131934639	0.085814954	0.325166251	0.465916337
0.131934639	0.085814954	0.325166251	0.465916337
0.131934639	0.256808071	0.386730674	0.527924988
0.131934639	0.085496558	0.254843463	0.254968866
0.131934639	0.256808071	0.386730674	0.527924988
0.131934639	0.256808071	0.386730674	0.527924988
0.131934639	0.085814954	0.325166251	0.465916337
0.131934639	0.085814954	0.325166251	0.465916337
0.131934639	0.256808071	0.372616746	0.513815864
0.131934639	0.256808071	0.386730674	0.527924988
0.131934639	0.085814954	0.122956251	0.264215743
0.131934639	0.256808071	0.386730674	0.527924988
0.131934639	0.256808071	0.386730674	0.527924988
0.131934639	0.256808071	0.386730674	0.527924988
0.131934639	0.085814954	0.325166251	0.465916337
0.131934639	0.256808071	0.386730674	0.527924988
0.131934639	0.256808071	0.386730674	0.527924988
0.131934639	0.256808071	0.386730674	0.527924988
0.131934639	0.256808071	0.386730674	0.527924988
0.131934639	0.085814954	0.325166251	0.465916337
0.131934639	0.085814954	0.325166251	0.465916337
0.131934639	0.256808071	0.386730674	0.527924988
0.131934639	0.256808071	0.386730674	0.527924988
0.131934639	0.085496558	0.030782212	0.031004325
0.131934639	0.085496558	0.030782212	0.031004325
0.131934639	0.085496558	0.030782212	0.031004325
0.131934639	0.085496558	0.090095518	0.089705835
0.131934639	0.085496558	0.030782212	0.031004325
0.131934639	0.085496558	0.030782212	0.031004325
0.131934639	0.085496558	0.030782212	0.031004325
0.131934639	0.085496558	0.030782212	0.031004325
0.131934639	0.085496558	0.030782212	0.031004325
0.131934639	0.085496558	0.030782212	0.031004325
0.131934639	0.085496558	0.030782212	0.031004325
0.131934639	0.085496558	0.030782212	0.031004325
0.131934639	0.085496558	0.030782212	0.031004325
0.131934639	0.085496558	0.030782212	0.031004325
0.131934639	0.085496558	0.030782212	0.031004325
0.131934639	0.085496558	0.030782212	0.031004325
0.131934639	0.085496558	0.030782212	0.031004325
0.131934639	0.085496558	0.030782212	0.031004325
0.131934639	0.085496558	0.030782212	0.031004325
0.131934639	0.085496558	0.030782212	0.031004325
0.131934639	0.085496558	0.030782212	0.031004325
0.131934639	0.085496558	0.030782212	0.031004325
0.131934639	0.085496558	0.030782212	0.031004325
0.131934639	0.085496558	0.030782212	0.031004325
0.131934639	0.085496558	0.030782212	0.031004325
0.131934639	0.085496558	0.030782212	0.031004325
0.131934639	0.085496558	0.030782212	0.031004325
0.131934639	0.085496558	0.030782212	0.031004325
0.131934639	0.085496558	0.030782212	0.031004325
0.131934639	0.085496558	0.030782212	0.031004325
0.131934639	0.085496558	0.030782212	0.031004325
0.131934639	0.085496558	0.030782212	0.031004325
0.131934639	0.085496558	0.030782212	0.031004325
0.131934639	0.085496558	0.030782212	0.031004325
0.131934639	0.085496558	0.030782212	0.031004325
0.131934639	0.085496558	0.030782212	0.031004325
0.131934639	0.085496558	0.030782212	0.031004325
0.131934639	0.085496558	0.030782212	0.031004325
0.131934639	0.085496558	0.030782212	0.031004325
0.131934639	0.085496558	0.030782212	0.031004325
0.131934639	0.085496558	0.030782212	0.031004325
0.131934639	0.085496558	0.030782212	0.031004325
0.131934639	0.085496558	0.030782212	0.031004325
0.131934639	0.085496558	0.030782212	0.031004325
0.131934639	0.085496558	0.030782212	0.031004325
0.131934639	0.085496558	0.030782212	0.031004325
0.131934639	0.085496558	0.030782212	0.031004325
0.131934639	0.085496558	0.030782212	0.031004325
0.131934639	0.085496558	0.030782212	0.031004325
0.131934639	0.256808071	0.162669423	0.303960448
0.131934639	0.256808071	0.162669423	0.303960448
0.131934639	0.085814954	0.101105	0.241951797
0.131934639	0.256808071	0.162669423	0.303960448
0.131934639	0.256808071	0.162669423	0.303960448
0.131934639	0.256808071	0.162669423	0.303960448
0.131934639	0.256808071	0.162669423	0.303960448
0.131934639	0.256808071	0.162669423	0.303960448
0.131934639	0.085814954	0.101105	0.040251202
0.131934639	0.085496558	0.030782212	0.031004325
0.131934639	0.085496558	0.030782212	0.031004325
0.131934639	0.256808071	0.162669423	0.303960448
0.131934639	0.256808071	0.162669423	0.303960448
0.131934639	0.085814954	0.101105	0.241951797
0.131934639	0.256808071	0.162669423	0.303960448
0.131934639	0.256808071	0.162669423	0.303960448
0.131934639	0.256808071	0.162669423	0.303960448
0.131934639	0.085496558	0.030782212	0.031004325
0.131934639	0.085814954	0.101105	0.040251202
0.131934639	0.085814954	0.101105	0.040251202
0.131934639	0.085814954	0.101105	0.040251202
0.131934639	0.085496558	0.030782212	0.031004325
0.131934639	0.085814954	0.101105	0.040251202
0.131934639	0.085814954	0.101105	0.040251202
0.131934639	0.256808071	0.162669423	0.303960448
0.131934639	0.256808071	0.162669423	0.303960448
0.131934639	0.085814954	0.101105	0.241951797
0.131934639	0.256808071	0.162669423	0.303960448
0.131934639	0.085814954	0.101105	0.241951797
0.131934639	0.256808071	0.162669423	0.303960448
0.131934639	0.256808071	0.162669423	0.303960448
0.131934639	0.085814954	0.101105	0.241951797
0.131934639	0.256808071	0.162669423	0.303960448
